Team
Baltimore Ravens
Cincinnati Bengals
Cleveland Browns
Pittsburgh Steelers
Chicago Bears
Detroit Lions
Green Bay Packers
Minnesota Vikings
Buffalo Bills
Miami Dolphins
New England Patriots
New York Jets
Houston Texans
Indianapolis Colts
Jacksonville Jaguars
Tennessee Titans
Dallas Cowboys
New York Giants
Philadelphia Eagles
Washington Redskins
Atlanta Falcons
Carolina Panthers
New Orleans Saints
Tampa Bay Buccaneers
Denver Broncos
Kansas City Chiefs
Oakland Raiders
San Diego Chargers
Arizona Cardinals
Los Angeles Rams
San Francisco Niners
Seattle Seahawks
GP
16
17
16
18
16
16
18
17
16
16
18
16
17
16
16
16
16
16
16
17
16
18
16
16
18
18
16
16
18
16
16
18
ATT
34.06
40.12
31.94
38.94
31.94
33.06
35.39
34.53
37.63
33.88
37.67
37.38
33.82
36.56
37.56
31.31
31.63
39.88
39.50
35.41
35.00
41.00
34.00
33.81
37.00
37.94
40.00
31.88
35.83
37.31
34.25
33.00
PAYDS
247.00
264.94
260.56
283.22
239.38
254.13
253.11
246.12
255.63
264.06
257.33
248.69
227.47
272.81
283.00
246.56
241.56
308.00
280.00
270.65
249.94
258.61
297.19
254.50
232.94
245.89
271.75
250.50
252.94
268.81
273.44
218.11
PATD
1.88
1.12
2.13
1.67
1.94
1.69
1.33
1.47
1.88
1.94
1.50
1.44
1.47
1.81
1.81
2.13
1.19
1.94
2.25
1.88
1.19
1.39
2.81
1.94
1.11
1.50
1.56
1.38
1.56
1.31
1.31
0.83
INT
0.38
1.29
0.69
1.00
0.50
0.56
1.00
0.82
1.06
0.81
0.67
1.13
0.88
1.06
0.56
0.69
0.50
0.88
0.94
0.65
0.94
1.67
0.56
0.69
0.89
1.44
0.88
0.69
1.17
0.81
0.56
0.78
RUATT
2.94
2.18
3.00
3.17
3.56
3.00
3.67
2.88
2.94
2.88
2.78
3.19
3.59
3.38
4.63
4.19
4.13
3.13
3.19
2.29
3.19
2.94
3.19
3.13
2.44
2.94
2.31
3.06
3.94
3.69
3.56
3.61
RUYDS
10.25
9.06
10.00
8.94
18.88
14.06
21.22
11.18
10.19
8.81
13.00
12.00
13.35
14.81
17.69
14.06
14.38
14.31
10.19
10.82
11.81
14.39
12.13
8.13
11.50
15.67
12.69
11.75
18.44
13.63
9.31
11.11
RUTD
0.13
0.06
0.19
0.06
0.19
0.19
0.11
0.12
0.06
0.00
0.06
0.13
0.18
0.13
0.13
0.25
0.19
0.13
0.19
0.06
0.25
0.11
0.13
0.19
0.00
0.06
0.13
0.13
0.17
0.06
0.06
0.17
REC
0.00
0.00
0.00
0.00
0.00
0.06
0.00
0.06
0.06
0.00
0.06
0.06
0.00
0.00
0.00
0.06
0.00
0.00
0.06
0.00
0.00
0.00
0.00
0.00
0.06
0.00
0.00
0.00
0.00
0.00
0.00
0.00
TAR
0.00
0.00
0.00
0.00
0.00
0.06
0.00
0.06
0.06
0.00
0.06
0.06
0.00
0.00
0.00
0.06
0.00
0.00
0.06
0.00
0.00
0.00
0.00
0.00
0.06
0.00
0.00
0.00
0.00
0.00
0.00
0.00
REYDS
-0.50
0.00
0.00
0.00
0.00
0.75
0.00
0.35
0.56
0.00
0.89
2.56
0.00
0.00
0.00
0.25
0.00
0.00
2.25
0.00
0.00
0.00
0.00
0.00
-0.33
0.00
0.00
0.00
0.00
0.00
0.00
0.00
RETD
0.00
0.00
0.00
0.00
0.00
0.00
0.00
0.00
0.00
0.00
0.00
0.06
0.00
0.00
0.00
0.00
0.00
0.00
0.00
0.00
0.00
0.00
0.00
0.00
0.00
0.00
0.00
0.00
0.00
0.00
0.00
0.00
FUML
0.19
0.18
0.13
0.33
0.00
0.31
0.11
0.18
0.13
0.19
0.33
0.44
0.18
0.19
0.25
0.19
0.06
0.13
0.25
0.29
0.13
0.33
0.13
0.19
0.33
0.28
0.00
0.19
0.33
0.31
0.00
0.22
FPTS
18.48
14.68
20.36
17.78
19.84
18.49
17.14
16.56
18.14
18.01
16.82
16.43
16.14
19.08
20.15
20.26
16.48
21.25
21.66
18.79
16.24
15.89
24.54
18.80
13.35
15.85
18.89
16.63
17.68
16.43
17.31
13.17